R2: 0.06238434388437053
MAE: 6.829425358557889
MSE: 69.03647168383449
Residuals: [[-13.76890531]
 [-10.5709066 ]
 [ -6.96624255]
 [  4.44994249]
 [ -5.52470889]
 [  1.14599821]
 [  4.11880318]
 [ 12.93642112]
 [  4.99238217]
 [ -4.64837435]
 [ 22.36007813]
 [  6.19740857]
 [ -9.78924068]
 [ -7.39008957]
 [ -6.87042934]
 [ -3.9837121 ]
 [  0.59373925]
 [ -2.79115038]
 [  1.86616828]
 [-12.89416593]
 [ -9.65816372]
 [  3.66082922]
 [  6.72950253]
 [  1.15106271]
 [  5.43907494]
 [  7.06755911]]
Y: [[ 8.31]
 [11.86]
 [13.64]
 [21.73]
 [12.18]
 [17.25]
 [23.76]
 [31.13]
 [24.31]
 [17.53]
 [39.8 ]
 [28.89]
 [12.68]
 [ 6.11]
 [ 8.81]
 [ 6.86]
 [10.86]
 [ 9.29]
 [14.15]
 [ 1.74]
 [ 3.07]
 [17.67]
 [15.23]
 [14.91]
 [16.06]
 [17.06]]
YHat: [[22.07890531]
 [22.4309066 ]
 [20.60624255]
 [17.28005751]
 [17.70470889]
 [16.10400179]
 [19.64119682]
 [18.19357888]
 [19.31761783]
 [22.17837435]
 [17.43992187]
 [22.69259143]
 [22.46924068]
 [13.50008957]
 [15.68042934]
 [10.8437121 ]
 [10.26626075]
 [12.08115038]
 [12.28383172]
 [14.63416593]
 [12.72816372]
 [14.00917078]
 [ 8.50049747]
 [13.75893729]
 [10.62092506]
 [ 9.99244089]]
