R2: -0.5982711315520246
MAE: 8.407520253589519
MSE: 117.68041520722446
Residuals: [[-21.85420908]
 [  0.37993289]
 [ -6.74104372]
 [ 15.4955143 ]
 [ -6.09607143]
 [  1.80970921]
 [  1.79286255]
 [  0.31382353]
 [ -2.1325257 ]
 [  0.72910456]
 [ 20.06412233]
 [  4.85053677]
 [-25.61196446]
 [-10.978608  ]
 [ -6.01744391]
 [-10.65493233]
 [ 12.19739209]
 [ -4.83638784]
 [  7.32408633]
 [-14.22735525]
 [ -7.04675025]
 [ -7.56402399]
 [ -0.89507935]
 [  3.08238331]
 [ 15.63544675]
 [ 10.26421668]]
Y: [[ 8.31]
 [11.86]
 [13.64]
 [21.73]
 [12.18]
 [17.25]
 [23.76]
 [31.13]
 [24.31]
 [17.53]
 [39.8 ]
 [28.89]
 [12.68]
 [ 6.11]
 [ 8.81]
 [ 6.86]
 [10.86]
 [ 9.29]
 [14.15]
 [ 1.74]
 [ 3.07]
 [17.67]
 [15.23]
 [14.91]
 [16.06]
 [17.06]]
YHat: [[30.16420908]
 [11.48006711]
 [20.38104372]
 [ 6.2344857 ]
 [18.27607143]
 [15.44029079]
 [21.96713745]
 [30.81617647]
 [26.4425257 ]
 [16.80089544]
 [19.73587767]
 [24.03946323]
 [38.29196446]
 [17.088608  ]
 [14.82744391]
 [17.51493233]
 [-1.33739209]
 [14.12638784]
 [ 6.82591367]
 [15.96735525]
 [10.11675025]
 [25.23402399]
 [16.12507935]
 [11.82761669]
 [ 0.42455325]
 [ 6.79578332]]
