R2: 0.9260360890554277
MAE: 1.6746668180901338
MSE: 4.3824495904370755
Residuals: [[ 0.82465946]
 [-5.06785826]
 [-2.12510612]
 [ 0.7098396 ]
 [ 2.17238938]
 [-0.47004514]
 [ 4.6663739 ]
 [-3.02504192]
 [ 1.34804636]
 [ 2.09646365]
 [ 0.01616132]
 [ 1.46607856]
 [ 0.46882948]
 [-0.89881993]
 [-1.06895539]
 [ 4.27279629]
 [-1.32728711]
 [ 0.91147509]
 [ 0.69741889]
 [-1.36060914]
 [-0.69202027]
 [ 1.54905277]
 [ 2.26330669]
 [-1.79980479]
 [ 1.589014  ]
 [-0.55828118]
 [-2.52265244]
 [ 0.74160318]
 [-3.53609913]
 [-0.81824645]
 [-0.85033546]]
Y: [[20.39 ]
 [ 4.22 ]
 [ 1.725]
 [ 1.24 ]
 [18.47 ]
 [ 0.797]
 [18.01 ]
 [21.1  ]
 [ 1.019]
 [ 1.155]
 [ 1.302]
 [ 1.128]
 [21.92 ]
 [ 1.141]
 [ 1.658]
 [19.52 ]
 [12.88 ]
 [11.43 ]
 [19.1  ]
 [ 0.601]
 [ 0.695]
 [ 1.743]
 [ 2.428]
 [ 6.07 ]
 [ 0.824]
 [ 1.015]
 [ 2.423]
 [ 1.158]
 [ 5.88 ]
 [ 0.653]
 [ 2.11 ]]
YHat: [[19.56534054]
 [ 9.28785826]
 [ 3.85010612]
 [ 0.5301604 ]
 [16.29761062]
 [ 1.26704514]
 [13.3436261 ]
 [24.12504192]
 [-0.32904636]
 [-0.94146365]
 [ 1.28583868]
 [-0.33807856]
 [21.45117052]
 [ 2.03981993]
 [ 2.72695539]
 [15.24720371]
 [14.20728711]
 [10.51852491]
 [18.40258111]
 [ 1.96160914]
 [ 1.38702027]
 [ 0.19394723]
 [ 0.16469331]
 [ 7.86980479]
 [-0.765014  ]
 [ 1.57328118]
 [ 4.94565244]
 [ 0.41639682]
 [ 9.41609913]
 [ 1.47124645]
 [ 2.96033546]]
