R2: 0.909536350354474
MAE: 1.38341935483871
MSE: 5.360078709677419
Residuals: [[ 0.503]
 [ 1.827]
 [-0.361]
 [-1.005]
 [-0.416]
 [-8.22 ]
 [-3.91 ]
 [-0.313]
 [ 0.283]
 [ 1.05 ]
 [-1.53 ]
 [-5.55 ]
 [ 0.014]
 [ 0.82 ]
 [ 0.414]
 [-0.82 ]
 [-0.014]
 [-0.63 ]
 [ 5.55 ]
 [ 0.313]
 [ 1.85 ]
 [ 0.361]
 [ 1.005]
 [-1.048]
 [-0.615]
 [-1.85 ]
 [-0.414]
 [ 0.63 ]
 [ 0.928]
 [-0.503]
 [-0.139]]
Y: [[ 1.743]
 [ 2.428]
 [ 0.797]
 [ 0.653]
 [ 0.824]
 [12.88 ]
 [18.01 ]
 [ 2.11 ]
 [ 1.302]
 [19.52 ]
 [20.39 ]
 [ 5.88 ]
 [ 1.155]
 [21.92 ]
 [ 1.015]
 [21.1  ]
 [ 1.141]
 [18.47 ]
 [11.43 ]
 [ 2.423]
 [ 6.07 ]
 [ 1.158]
 [ 1.658]
 [ 0.695]
 [ 1.128]
 [ 4.22 ]
 [ 0.601]
 [19.1  ]
 [ 1.725]
 [ 1.24 ]
 [ 1.019]]
YHat: [[ 1.24 ]
 [ 0.601]
 [ 1.158]
 [ 1.658]
 [ 1.24 ]
 [21.1  ]
 [21.92 ]
 [ 2.423]
 [ 1.019]
 [18.47 ]
 [21.92 ]
 [11.43 ]
 [ 1.141]
 [21.1  ]
 [ 0.601]
 [21.92 ]
 [ 1.155]
 [19.1  ]
 [ 5.88 ]
 [ 2.11 ]
 [ 4.22 ]
 [ 0.797]
 [ 0.653]
 [ 1.743]
 [ 1.743]
 [ 6.07 ]
 [ 1.015]
 [18.47 ]
 [ 0.797]
 [ 1.743]
 [ 1.158]]
