R2: -0.4545945038414223
MAE: 8.80886439675061
MSE: 107.10153101744446
Residuals: [[-13.3922136 ]
 [-10.14584239]
 [ -8.80971775]
 [  1.41135244]
 [ -8.65369854]
 [ -5.63735171]
 [  2.06449846]
 [ 13.94594491]
 [ 11.68048912]
 [ 16.63541424]
 [ 22.59052621]
 [ 15.77623355]
 [-11.63626846]
 [ -9.40286905]
 [ -8.16304787]
 [-14.74735132]
 [  7.56154439]
 [ -2.78583696]
 [ -2.70681585]
 [-14.808355  ]
 [ -5.85616635]
 [ -1.61406948]
 [  6.37742334]
 [  1.44730001]
 [  4.30850094]
 [  6.87164238]]
Y: [[ 8.31]
 [11.86]
 [13.64]
 [21.73]
 [12.18]
 [17.25]
 [23.76]
 [31.13]
 [24.31]
 [17.53]
 [39.8 ]
 [28.89]
 [12.68]
 [ 6.11]
 [ 8.81]
 [ 6.86]
 [10.86]
 [ 9.29]
 [14.15]
 [ 1.74]
 [ 3.07]
 [17.67]
 [15.23]
 [14.91]
 [16.06]
 [17.06]]
YHat: [[21.7022136 ]
 [22.00584239]
 [22.44971775]
 [20.31864756]
 [20.83369854]
 [22.88735171]
 [21.69550154]
 [17.18405509]
 [12.62951088]
 [ 0.89458576]
 [17.20947379]
 [13.11376645]
 [24.31626846]
 [15.51286905]
 [16.97304787]
 [21.60735132]
 [ 3.29845561]
 [12.07583696]
 [16.85681585]
 [16.548355  ]
 [ 8.92616635]
 [19.28406948]
 [ 8.85257666]
 [13.46269999]
 [11.75149906]
 [10.18835762]]
