R2: 0.8316861057085582
MAE: 2.30836852430633
MSE: 9.972798188770303
Residuals: [[ 0.74751227]
 [-8.64458619]
 [ 0.50105628]
 [-2.04048843]
 [ 0.06393465]
 [ 4.49911309]
 [ 0.69856233]
 [ 3.2431888 ]
 [-1.13566643]
 [ 0.59995378]
 [ 1.42809175]
 [-4.4524687 ]
 [-1.6148773 ]
 [-0.21042683]
 [ 1.44723339]
 [ 1.22254175]
 [-3.98442985]
 [ 2.47299116]
 [ 1.82352448]
 [ 2.13554769]
 [-1.1649149 ]
 [ 5.65012799]
 [-3.45514902]
 [ 0.81482832]
 [-6.93488608]
 [-1.41873935]
 [ 0.04536301]
 [ 6.26007165]
 [-0.90098629]
 [-1.5578882 ]
 [ 0.39027431]]
Y: [[ 2.11 ]
 [ 5.88 ]
 [18.01 ]
 [11.43 ]
 [ 1.658]
 [18.47 ]
 [ 1.24 ]
 [ 1.155]
 [ 0.653]
 [ 2.428]
 [ 1.302]
 [ 0.601]
 [ 1.015]
 [ 1.141]
 [21.92 ]
 [ 2.423]
 [ 4.22 ]
 [21.1  ]
 [ 1.128]
 [20.39 ]
 [ 0.797]
 [19.52 ]
 [ 6.07 ]
 [ 1.743]
 [12.88 ]
 [ 1.019]
 [ 1.725]
 [19.1  ]
 [ 1.158]
 [ 0.695]
 [ 0.824]]
YHat: [[ 1.36248773]
 [14.52458619]
 [17.50894372]
 [13.47048843]
 [ 1.59406535]
 [13.97088691]
 [ 0.54143767]
 [-2.0881888 ]
 [ 1.78866643]
 [ 1.82804622]
 [-0.12609175]
 [ 5.0534687 ]
 [ 2.6298773 ]
 [ 1.35142683]
 [20.47276661]
 [ 1.20045825]
 [ 8.20442985]
 [18.62700884]
 [-0.69552448]
 [18.25445231]
 [ 1.9619149 ]
 [13.86987201]
 [ 9.52514902]
 [ 0.92817168]
 [19.81488608]
 [ 2.43773935]
 [ 1.67963699]
 [12.83992835]
 [ 2.05898629]
 [ 2.2528882 ]
 [ 0.43372569]]
