R2: -4.685586529439649
MAE: 16.38370255494982
MSE: 418.6287109067272
Residuals: [[-23.18611009]
 [ 14.75494646]
 [ -5.53126709]
 [ 21.19260605]
 [-13.89857039]
 [ -4.99339824]
 [  1.86304878]
 [-21.83797138]
 [-20.52961711]
 [-11.61837503]
 [ 17.1781394 ]
 [ 48.95552163]
 [-24.77443662]
 [-37.31602286]
 [  6.90006421]
 [  6.39422097]
 [ 15.70763399]
 [  7.11429823]
 [  7.3064498 ]
 [ -8.84920376]
 [ -4.84152255]
 [ -6.82779622]
 [ -2.71716714]
 [-39.93784943]
 [ 35.02290237]
 [ 16.72712661]]
Y: [[ 8.31]
 [11.86]
 [13.64]
 [21.73]
 [12.18]
 [17.25]
 [23.76]
 [31.13]
 [24.31]
 [17.53]
 [39.8 ]
 [28.89]
 [12.68]
 [ 6.11]
 [ 8.81]
 [ 6.86]
 [10.86]
 [ 9.29]
 [14.15]
 [ 1.74]
 [ 3.07]
 [17.67]
 [15.23]
 [14.91]
 [16.06]
 [17.06]]
YHat: [[ 31.49611009]
 [ -2.89494646]
 [ 19.17126709]
 [  0.53739395]
 [ 26.07857039]
 [ 22.24339824]
 [ 21.89695122]
 [ 52.96797138]
 [ 44.83961711]
 [ 29.14837503]
 [ 22.6218606 ]
 [-20.06552163]
 [ 37.45443662]
 [ 43.42602286]
 [  1.90993579]
 [  0.46577903]
 [ -4.84763399]
 [  2.17570177]
 [  6.8435502 ]
 [ 10.58920376]
 [  7.91152255]
 [ 24.49779622]
 [ 17.94716714]
 [ 54.84784943]
 [-18.96290237]
 [  0.33287339]]
