R2: -0.7050563100522267
MAE: 9.7220568542374
MSE: 125.54298864410963
Residuals: [[-16.43745926]
 [-15.05923629]
 [-12.10123783]
 [  3.26555336]
 [-10.79543019]
 [ -0.52151895]
 [ 11.92480393]
 [ 13.98082874]
 [  4.87711975]
 [  8.83268321]
 [ 21.0984154 ]
 [ 16.38710145]
 [-13.25992791]
 [ -6.90674561]
 [  6.03626069]
 [-19.71524929]
 [  3.63714551]
 [ -5.08683177]
 [  1.07859549]
 [-16.31800234]
 [-12.37586512]
 [  8.91628874]
 [  8.08917849]
 [ -6.02526229]
 [  5.09999529]
 [  4.94674132]]
Y: [[ 8.31]
 [11.86]
 [13.64]
 [21.73]
 [12.18]
 [17.25]
 [23.76]
 [31.13]
 [24.31]
 [17.53]
 [39.8 ]
 [28.89]
 [12.68]
 [ 6.11]
 [ 8.81]
 [ 6.86]
 [10.86]
 [ 9.29]
 [14.15]
 [ 1.74]
 [ 3.07]
 [17.67]
 [15.23]
 [14.91]
 [16.06]
 [17.06]]
YHat: [[24.74745926]
 [26.91923629]
 [25.74123783]
 [18.46444664]
 [22.97543019]
 [17.77151895]
 [11.83519607]
 [17.14917126]
 [19.43288025]
 [ 8.69731679]
 [18.7015846 ]
 [12.50289855]
 [25.93992791]
 [13.01674561]
 [ 2.77373931]
 [26.57524929]
 [ 7.22285449]
 [14.37683177]
 [13.07140451]
 [18.05800234]
 [15.44586512]
 [ 8.75371126]
 [ 7.14082151]
 [20.93526229]
 [10.96000471]
 [12.11325868]]
