R2: 0.6533507965830203
MAE: 3.7380656834381174
MSE: 20.539377111609628
Residuals: [[ 0.61361211]
 [ 2.788598  ]
 [ 1.04323236]
 [-2.08347431]
 [-6.66180604]
 [ 7.98367135]
 [ 4.97207769]
 [-0.75408237]
 [ 7.34887323]
 [-1.69538164]
 [ 1.85749212]
 [-8.20938009]
 [-2.16929095]
 [-5.02617468]
 [ 8.49596536]
 [ 0.31465205]
 [-7.19383278]
 [ 6.98500801]
 [-1.09041824]
 [ 2.89645397]
 [-1.42303249]
 [ 2.75407226]
 [-0.72508573]
 [-5.53823485]
 [ 3.79549423]
 [-6.22455709]
 [-2.33936729]
 [-5.70259505]
 [-2.75488059]
 [-2.56820499]
 [ 1.87103429]]
Y: [[21.92 ]
 [ 0.601]
 [ 0.824]
 [ 2.423]
 [ 1.019]
 [18.01 ]
 [19.52 ]
 [ 5.88 ]
 [ 2.428]
 [ 0.653]
 [ 1.128]
 [ 1.658]
 [ 1.302]
 [ 1.725]
 [ 1.155]
 [ 1.24 ]
 [ 4.22 ]
 [20.39 ]
 [ 1.015]
 [ 1.158]
 [11.43 ]
 [ 1.743]
 [ 0.797]
 [ 1.141]
 [ 0.695]
 [21.1  ]
 [19.1  ]
 [12.88 ]
 [ 2.11 ]
 [ 6.07 ]
 [18.47 ]]
YHat: [[21.30638789]
 [-2.187598  ]
 [-0.21923236]
 [ 4.50647431]
 [ 7.68080604]
 [10.02632865]
 [14.54792231]
 [ 6.63408237]
 [-4.92087323]
 [ 2.34838164]
 [-0.72949212]
 [ 9.86738009]
 [ 3.47129095]
 [ 6.75117468]
 [-7.34096536]
 [ 0.92534795]
 [11.41383278]
 [13.40499199]
 [ 2.10541824]
 [-1.73845397]
 [12.85303249]
 [-1.01107226]
 [ 1.52208573]
 [ 6.67923485]
 [-3.10049423]
 [27.32455709]
 [21.43936729]
 [18.58259505]
 [ 4.86488059]
 [ 8.63820499]
 [16.59896571]]
