R2: -0.15190635672053143
MAE: 7.890373076923079
MSE: 84.81465732730773
Residuals: [[-12.14595]
 [-12.5229 ]
 [-10.25755]
 [ -3.2314 ]
 [-11.5115 ]
 [-10.16115]
 [  7.0731 ]
 [ 12.4209 ]
 [ 10.0103 ]
 [  4.3526 ]
 [ 20.7379 ]
 [  8.2351 ]
 [ -7.25975]
 [ -9.2542 ]
 [ -3.99375]
 [ -8.5017 ]
 [  2.83305]
 [ -0.696  ]
 [  4.78605]
 [-17.82   ]
 [ -7.88695]
 [  4.7086 ]
 [  5.6292 ]
 [  0.6926 ]
 [  3.7245 ]
 [  4.703  ]]
Y: [[ 8.31]
 [11.86]
 [13.64]
 [21.73]
 [12.18]
 [17.25]
 [23.76]
 [31.13]
 [24.31]
 [17.53]
 [39.8 ]
 [28.89]
 [12.68]
 [ 6.11]
 [ 8.81]
 [ 6.86]
 [10.86]
 [ 9.29]
 [14.15]
 [ 1.74]
 [ 3.07]
 [17.67]
 [15.23]
 [14.91]
 [16.06]
 [17.06]]
YHat: [[20.45595]
 [24.3829 ]
 [23.89755]
 [24.9614 ]
 [23.6915 ]
 [27.41115]
 [16.6869 ]
 [18.7091 ]
 [14.2997 ]
 [13.1774 ]
 [19.0621 ]
 [20.6549 ]
 [19.93975]
 [15.3642 ]
 [12.80375]
 [15.3617 ]
 [ 8.02695]
 [ 9.986  ]
 [ 9.36395]
 [19.56   ]
 [10.95695]
 [12.9614 ]
 [ 9.6008 ]
 [14.2174 ]
 [12.3355 ]
 [12.357  ]]
