R2: 0.9088572562067501
MAE: 1.5008822903225731
MSE: 5.4003158446741235
Residuals: [[ 2.906858]
 [-2.064304]
 [-0.47031 ]
 [ 0.815585]
 [-0.273124]
 [ 3.487234]
 [ 5.190118]
 [-7.25371 ]
 [ 0.866282]
 [-0.626768]
 [-0.616292]
 [ 0.262658]
 [ 0.135786]
 [ 0.362444]
 [-0.446617]
 [-0.091286]
 [-3.804628]
 [ 1.21094 ]
 [-0.484148]
 [ 0.091678]
 [-5.58884 ]
 [ 0.55192 ]
 [-0.366529]
 [-0.215224]
 [-1.027436]
 [ 1.32106 ]
 [ 0.72991 ]
 [ 1.511724]
 [ 0.19928 ]
 [-2.08743 ]
 [ 1.467228]]
Y: [[21.92 ]
 [ 0.601]
 [ 0.824]
 [ 2.423]
 [ 1.019]
 [18.01 ]
 [19.52 ]
 [ 5.88 ]
 [ 2.428]
 [ 0.653]
 [ 1.128]
 [ 1.658]
 [ 1.302]
 [ 1.725]
 [ 1.155]
 [ 1.24 ]
 [ 4.22 ]
 [20.39 ]
 [ 1.015]
 [ 1.158]
 [11.43 ]
 [ 1.743]
 [ 0.797]
 [ 1.141]
 [ 0.695]
 [21.1  ]
 [19.1  ]
 [12.88 ]
 [ 2.11 ]
 [ 6.07 ]
 [18.47 ]]
YHat: [[19.013142]
 [ 2.665304]
 [ 1.29431 ]
 [ 1.607415]
 [ 1.292124]
 [14.522766]
 [14.329882]
 [13.13371 ]
 [ 1.561718]
 [ 1.279768]
 [ 1.744292]
 [ 1.395342]
 [ 1.166214]
 [ 1.362556]
 [ 1.601617]
 [ 1.331286]
 [ 8.024628]
 [19.17906 ]
 [ 1.499148]
 [ 1.066322]
 [17.01884 ]
 [ 1.19108 ]
 [ 1.163529]
 [ 1.356224]
 [ 1.722436]
 [19.77894 ]
 [18.37009 ]
 [11.368276]
 [ 1.91072 ]
 [ 8.15743 ]
 [17.002772]]
