R2: 0.9013888320806323
MAE: 0.08876061471626231
MSE: 0.012855515773124599
Residuals: [[ 0.03626243]
 [ 0.01284628]
 [ 0.10018424]
 [ 0.01814495]
 [ 0.04061832]
 [ 0.07976489]
 [ 0.21078005]
 [-0.13990472]
 [ 0.05201951]
 [-0.03158237]
 [-0.24679317]
 [ 0.20354665]
 [-0.14525023]
 [ 0.01773544]
 [-0.07168767]
 [-0.08552131]
 [ 0.00653298]
 [-0.13074144]
 [-0.04356488]
 [-0.03572652]
 [-0.12647828]
 [ 0.25580157]
 [ 0.04845543]
 [-0.05324498]
 [-0.03787906]
 [ 0.00187327]
 [ 0.08540162]
 [ 0.04923371]
 [ 0.13721939]
 [-0.06258959]
 [-0.18419411]]
Y: [[0.50795065]
 [0.02997326]
 [0.05356724]
 [0.02612693]
 [0.01960692]
 [0.83817252]
 [0.0856982 ]
 [0.05272292]
 [0.00440921]
 [0.0194193 ]
 [0.16975468]
 [0.88742436]
 [0.5759651 ]
 [0.        ]
 [0.00243914]
 [0.08546367]
 [1.        ]
 [0.24761949]
 [0.00919368]
 [0.02532952]
 [0.04958019]
 [0.81659553]
 [0.92823303]
 [0.03288147]
 [0.07078193]
 [0.86772363]
 [0.01046015]
 [0.02471973]
 [0.02598621]
 [0.25653173]
 [0.96153666]]
YHat: [[ 0.47168823]
 [ 0.01712698]
 [-0.046617  ]
 [ 0.00798197]
 [-0.0210114 ]
 [ 0.75840764]
 [-0.12508184]
 [ 0.19262764]
 [-0.0476103 ]
 [ 0.05100167]
 [ 0.41654785]
 [ 0.68387771]
 [ 0.72121533]
 [-0.01773544]
 [ 0.07412681]
 [ 0.17098498]
 [ 0.99346702]
 [ 0.37836093]
 [ 0.05275855]
 [ 0.06105604]
 [ 0.17605847]
 [ 0.56079395]
 [ 0.8797776 ]
 [ 0.08612645]
 [ 0.10866099]
 [ 0.86585036]
 [-0.07494147]
 [-0.02451398]
 [-0.11123318]
 [ 0.31912132]
 [ 1.14573077]]
