R2: 0.9693332684416227
MAE: 1.024903615573538
MSE: 1.817040276017433
Residuals: [[-2.87855731]
 [ 1.12613685]
 [-1.58466935]
 [ 0.17239483]
 [-3.15568276]
 [-0.59417421]
 [ 1.89787335]
 [-0.09049285]
 [-0.09638979]
 [ 0.93730047]
 [ 0.91244698]
 [ 0.55668635]
 [ 0.3673222 ]
 [ 1.88461743]
 [ 0.70766561]
 [ 1.32076401]
 [-1.12415148]
 [-0.66911052]
 [ 1.52244843]
 [-0.12813796]
 [-0.75525663]
 [-0.00961942]
 [-0.41063418]
 [-1.87126216]
 [ 0.16778838]
 [-2.16599593]
 [ 0.14328037]
 [-0.76953752]
 [-0.30420159]
 [ 2.88466951]
 [-0.56274364]]
Y: [[ 5.88 ]
 [ 1.658]
 [ 1.128]
 [ 1.019]
 [12.88 ]
 [ 1.155]
 [11.43 ]
 [21.92 ]
 [ 1.141]
 [ 1.725]
 [ 1.743]
 [ 2.11 ]
 [ 1.158]
 [ 4.22 ]
 [ 1.015]
 [20.39 ]
 [ 0.695]
 [ 2.428]
 [19.52 ]
 [ 2.423]
 [ 0.653]
 [18.47 ]
 [ 0.601]
 [ 0.824]
 [ 1.302]
 [ 6.07 ]
 [ 0.797]
 [19.1  ]
 [ 1.24 ]
 [18.01 ]
 [21.1  ]]
YHat: [[ 8.75855731]
 [ 0.53186315]
 [ 2.71266935]
 [ 0.84660517]
 [16.03568276]
 [ 1.74917421]
 [ 9.53212665]
 [22.01049285]
 [ 1.23738979]
 [ 0.78769953]
 [ 0.83055302]
 [ 1.55331365]
 [ 0.7906778 ]
 [ 2.33538257]
 [ 0.30733439]
 [19.06923599]
 [ 1.81915148]
 [ 3.09711052]
 [17.99755157]
 [ 2.55113796]
 [ 1.40825663]
 [18.47961942]
 [ 1.01163418]
 [ 2.69526216]
 [ 1.13421162]
 [ 8.23599593]
 [ 0.65371963]
 [19.86953752]
 [ 1.54420159]
 [15.12533049]
 [21.66274364]]
