R2: 0.9518085811771936
MAE: 1.1461250570172445
MSE: 2.8553988152527205
Residuals: [[ 0.15379047]
 [-4.13007483]
 [ 0.45115644]
 [ 0.02851637]
 [ 0.64984594]
 [ 5.07362103]
 [ 1.20540338]
 [ 0.25007272]
 [-3.49225757]
 [ 0.06236821]
 [-0.87482948]
 [-0.81316246]
 [ 3.33644144]
 [ 1.03899444]
 [-1.68106503]
 [ 0.95986303]
 [-0.27071989]
 [-0.43550189]
 [ 0.19068999]
 [-0.40681279]
 [ 0.84733572]
 [-0.38826127]
 [ 0.15912962]
 [-0.19970714]
 [-1.93484991]
 [-1.49020476]
 [-1.25724   ]
 [ 0.50348736]
 [ 1.25994   ]
 [ 0.21332128]
 [-1.77121232]]
Y: [[ 1.725]
 [12.88 ]
 [20.39 ]
 [ 0.695]
 [ 2.11 ]
 [18.01 ]
 [ 1.019]
 [ 1.24 ]
 [ 5.88 ]
 [ 1.155]
 [ 0.653]
 [19.1  ]
 [19.52 ]
 [ 1.658]
 [ 6.07 ]
 [21.92 ]
 [ 2.423]
 [ 1.141]
 [11.43 ]
 [ 0.797]
 [ 1.743]
 [ 0.601]
 [ 1.015]
 [ 1.158]
 [21.1  ]
 [ 1.128]
 [ 0.824]
 [ 1.302]
 [18.47 ]
 [ 2.428]
 [ 4.22 ]]
YHat: [[ 1.57120953]
 [17.01007483]
 [19.93884356]
 [ 0.66648363]
 [ 1.46015406]
 [12.93637897]
 [-0.18640338]
 [ 0.98992728]
 [ 9.37225757]
 [ 1.09263179]
 [ 1.52782948]
 [19.91316246]
 [16.18355856]
 [ 0.61900556]
 [ 7.75106503]
 [20.96013697]
 [ 2.69371989]
 [ 1.57650189]
 [11.23931001]
 [ 1.20381279]
 [ 0.89566428]
 [ 0.98926127]
 [ 0.85587038]
 [ 1.35770714]
 [23.03484991]
 [ 2.61820476]
 [ 2.08124   ]
 [ 0.79851264]
 [17.21006   ]
 [ 2.21467872]
 [ 5.99121232]]
