R2: -0.2329784245173252
MAE: 7.961666666666667
MSE: 90.78397905982905
Residuals: [[-13.97      ]
 [-15.26333333]
 [-10.5       ]
 [ -7.66333333]
 [-11.86666667]
 [ -4.43      ]
 [  5.09666667]
 [ 13.4       ]
 [  3.72666667]
 [ -2.97333333]
 [ 24.05666667]
 [  7.12333333]
 [ -9.57      ]
 [ -8.02666667]
 [ -4.71666667]
 [ -9.15      ]
 [  2.02333333]
 [ -3.51      ]
 [  1.40333333]
 [-15.62666667]
 [-10.34333333]
 [  4.72666667]
 [  3.84333333]
 [ -2.02      ]
 [  5.4       ]
 [  6.57333333]]
Y: [[ 8.31]
 [11.86]
 [13.64]
 [21.73]
 [12.18]
 [17.25]
 [23.76]
 [31.13]
 [24.31]
 [17.53]
 [39.8 ]
 [28.89]
 [12.68]
 [ 6.11]
 [ 8.81]
 [ 6.86]
 [10.86]
 [ 9.29]
 [14.15]
 [ 1.74]
 [ 3.07]
 [17.67]
 [15.23]
 [14.91]
 [16.06]
 [17.06]]
YHat: [[22.28      ]
 [27.12333333]
 [24.14      ]
 [29.39333333]
 [24.04666667]
 [21.68      ]
 [18.66333333]
 [17.73      ]
 [20.58333333]
 [20.50333333]
 [15.74333333]
 [21.76666667]
 [22.25      ]
 [14.13666667]
 [13.52666667]
 [16.01      ]
 [ 8.83666667]
 [12.8       ]
 [12.74666667]
 [17.36666667]
 [13.41333333]
 [12.94333333]
 [11.38666667]
 [16.93      ]
 [10.66      ]
 [10.48666667]]
