R2: 0.8412409215460129
MAE: 2.450570165297311
MSE: 9.406663999558281
Residuals: [[-6.7559523 ]
 [-0.15298018]
 [ 1.94635107]
 [ 1.01038024]
 [-5.02029057]
 [ 1.39100253]
 [-1.97447313]
 [ 4.04063306]
 [-0.52244185]
 [-2.42646429]
 [ 2.09795307]
 [-0.67140726]
 [ 0.92985417]
 [-6.49519898]
 [-0.87522868]
 [ 3.88900531]
 [-1.02689494]
 [ 0.43778288]
 [ 5.85499051]
 [-1.64872907]
 [-1.21398375]
 [ 3.89775033]
 [-3.26021271]
 [ 2.33471739]
 [ 0.74928403]
 [-5.10427284]
 [-1.01259441]
 [ 3.72317135]
 [ 0.93288598]
 [ 2.31681478]
 [ 2.25397344]]
Y: [[ 5.88 ]
 [ 1.658]
 [ 1.128]
 [ 1.019]
 [12.88 ]
 [ 1.155]
 [11.43 ]
 [21.92 ]
 [ 1.141]
 [ 1.725]
 [ 1.743]
 [ 2.11 ]
 [ 1.158]
 [ 4.22 ]
 [ 1.015]
 [20.39 ]
 [ 0.695]
 [ 2.428]
 [19.52 ]
 [ 2.423]
 [ 0.653]
 [18.47 ]
 [ 0.601]
 [ 0.824]
 [ 1.302]
 [ 6.07 ]
 [ 0.797]
 [19.1  ]
 [ 1.24 ]
 [18.01 ]
 [21.1  ]]
YHat: [[ 1.26359523e+01]
 [ 1.81098018e+00]
 [-8.18351074e-01]
 [ 8.61975647e-03]
 [ 1.79002906e+01]
 [-2.36002534e-01]
 [ 1.34044731e+01]
 [ 1.78793669e+01]
 [ 1.66344185e+00]
 [ 4.15146429e+00]
 [-3.54953073e-01]
 [ 2.78140726e+00]
 [ 2.28145832e-01]
 [ 1.07151990e+01]
 [ 1.89022868e+00]
 [ 1.65009947e+01]
 [ 1.72189494e+00]
 [ 1.99021712e+00]
 [ 1.36650095e+01]
 [ 4.07172907e+00]
 [ 1.86698375e+00]
 [ 1.45722497e+01]
 [ 3.86121271e+00]
 [-1.51071739e+00]
 [ 5.52715969e-01]
 [ 1.11742728e+01]
 [ 1.80959441e+00]
 [ 1.53768287e+01]
 [ 3.07114017e-01]
 [ 1.56931852e+01]
 [ 1.88460266e+01]]
