R2: 0.7147608151147942
MAE: 3.3920867027593453
MSE: 16.900760560289275
Residuals: [[-0.79011074]
 [-7.20544723]
 [ 1.55307901]
 [-7.13754448]
 [-5.3078639 ]
 [ 4.69390748]
 [-1.60380386]
 [ 0.17869334]
 [-4.50648061]
 [-4.29819495]
 [ 2.69265916]
 [-2.71256469]
 [ 1.03007032]
 [-7.19818065]
 [-0.60771001]
 [ 5.82711957]
 [ 2.96013453]
 [ 7.15872051]
 [ 5.05090181]
 [-1.96181848]
 [-1.78284207]
 [ 2.0116269 ]
 [ 2.7395827 ]
 [ 1.25411055]
 [-2.40381254]
 [-2.68818522]
 [-0.59932346]
 [-2.41129914]
 [ 0.88015049]
 [ 8.01982362]
 [-5.88892576]]
Y: [[ 5.88 ]
 [ 1.658]
 [ 1.128]
 [ 1.019]
 [12.88 ]
 [ 1.155]
 [11.43 ]
 [21.92 ]
 [ 1.141]
 [ 1.725]
 [ 1.743]
 [ 2.11 ]
 [ 1.158]
 [ 4.22 ]
 [ 1.015]
 [20.39 ]
 [ 0.695]
 [ 2.428]
 [19.52 ]
 [ 2.423]
 [ 0.653]
 [18.47 ]
 [ 0.601]
 [ 0.824]
 [ 1.302]
 [ 6.07 ]
 [ 0.797]
 [19.1  ]
 [ 1.24 ]
 [18.01 ]
 [21.1  ]]
YHat: [[ 6.67011074]
 [ 8.86344723]
 [-0.42507901]
 [ 8.15654448]
 [18.1878639 ]
 [-3.53890748]
 [13.03380386]
 [21.74130666]
 [ 5.64748061]
 [ 6.02319495]
 [-0.94965916]
 [ 4.82256469]
 [ 0.12792968]
 [11.41818065]
 [ 1.62271001]
 [14.56288043]
 [-2.26513453]
 [-4.73072051]
 [14.46909819]
 [ 4.38481848]
 [ 2.43584207]
 [16.4583731 ]
 [-2.1385827 ]
 [-0.43011055]
 [ 3.70581254]
 [ 8.75818522]
 [ 1.39632346]
 [21.51129914]
 [ 0.35984951]
 [ 9.99017638]
 [26.98892576]]
