R2: 0.09696575115223183
MAE: 6.504788810860097
MSE: 66.49024890260948
Residuals: [[-14.03650718]
 [-10.53494401]
 [ -8.04789626]
 [  4.98401564]
 [ -5.81953151]
 [  1.7998854 ]
 [  4.37962781]
 [ 13.0285943 ]
 [  5.2494633 ]
 [ -5.45868308]
 [ 22.54917985]
 [  6.27535901]
 [ -8.43337007]
 [ -5.72351855]
 [ -2.38576217]
 [ -2.63391996]
 [  0.48794414]
 [ -3.15724545]
 [  0.51114122]
 [-13.38497027]
 [ -8.92282491]
 [  3.40313706]
 [  6.64557316]
 [  0.48606458]
 [  5.35757736]
 [  5.42777283]]
Y: [[ 8.31]
 [11.86]
 [13.64]
 [21.73]
 [12.18]
 [17.25]
 [23.76]
 [31.13]
 [24.31]
 [17.53]
 [39.8 ]
 [28.89]
 [12.68]
 [ 6.11]
 [ 8.81]
 [ 6.86]
 [10.86]
 [ 9.29]
 [14.15]
 [ 1.74]
 [ 3.07]
 [17.67]
 [15.23]
 [14.91]
 [16.06]
 [17.06]]
YHat: [[22.34650718]
 [22.39494401]
 [21.68789626]
 [16.74598436]
 [17.99953151]
 [15.4501146 ]
 [19.38037219]
 [18.1014057 ]
 [19.0605367 ]
 [22.98868308]
 [17.25082015]
 [22.61464099]
 [21.11337007]
 [11.83351855]
 [11.19576217]
 [ 9.49391996]
 [10.37205586]
 [12.44724545]
 [13.63885878]
 [15.12497027]
 [11.99282491]
 [14.26686294]
 [ 8.58442684]
 [14.42393542]
 [10.70242264]
 [11.63222717]]
