R2: 0.9262053129346496
MAE: 1.6624340315432593
MSE: 4.37242287456014
Residuals: [[-3.54158911]
 [-0.92168663]
 [ 1.36860053]
 [ 1.34326924]
 [-1.22271234]
 [ 1.95689087]
 [ 0.81425616]
 [ 0.41725302]
 [-0.87983565]
 [-2.04254331]
 [ 1.51236941]
 [-0.93576835]
 [ 0.65152978]
 [-5.14326438]
 [-0.55952003]
 [ 0.81421954]
 [-0.6885227 ]
 [ 2.41988948]
 [ 4.32414387]
 [-2.61024452]
 [-0.73262603]
 [ 2.23025039]
 [-1.21146674]
 [ 1.71922675]
 [-0.12719307]
 [-1.7964107 ]
 [-0.51604651]
 [ 0.72093349]
 [ 0.7209134 ]
 [ 4.57234689]
 [-3.01993211]]
Y: [[ 5.88 ]
 [ 1.658]
 [ 1.128]
 [ 1.019]
 [12.88 ]
 [ 1.155]
 [11.43 ]
 [21.92 ]
 [ 1.141]
 [ 1.725]
 [ 1.743]
 [ 2.11 ]
 [ 1.158]
 [ 4.22 ]
 [ 1.015]
 [20.39 ]
 [ 0.695]
 [ 2.428]
 [19.52 ]
 [ 2.423]
 [ 0.653]
 [18.47 ]
 [ 0.601]
 [ 0.824]
 [ 1.302]
 [ 6.07 ]
 [ 0.797]
 [19.1  ]
 [ 1.24 ]
 [18.01 ]
 [21.1  ]]
YHat: [[ 9.42158911e+00]
 [ 2.57968663e+00]
 [-2.40600534e-01]
 [-3.24269239e-01]
 [ 1.41027123e+01]
 [-8.01890868e-01]
 [ 1.06157438e+01]
 [ 2.15027470e+01]
 [ 2.02083565e+00]
 [ 3.76754331e+00]
 [ 2.30630588e-01]
 [ 3.04576835e+00]
 [ 5.06470222e-01]
 [ 9.36326438e+00]
 [ 1.57452003e+00]
 [ 1.95757805e+01]
 [ 1.38352270e+00]
 [ 8.11051514e-03]
 [ 1.51958561e+01]
 [ 5.03324452e+00]
 [ 1.38562603e+00]
 [ 1.62397496e+01]
 [ 1.81246674e+00]
 [-8.95226748e-01]
 [ 1.42919307e+00]
 [ 7.86641070e+00]
 [ 1.31304651e+00]
 [ 1.83790665e+01]
 [ 5.19086604e-01]
 [ 1.34376531e+01]
 [ 2.41199321e+01]]
